# Max ( 2365.33 )
"72, 78, 17, 84, 41, 0, 92, 38, 45, 63, 93, 19, 79, 3, 48, 91, 27, 69, 58, 23, 90, 86, 1, 60, 15, 77, 56, 70, 95, 33, 81, 94, 25, 39, 20, 42, 62, 6, 12, 73, 24, 97, 74, 52, 51, 96, 61, 43, 9, 44, 85, 80, 49, 37, 65, 89, 35, 34, 2, 31, 98, 8, 29, 71, 55, 28, 82, 57, 87, 21, 76, 32, 13, 54, 36, 53, 59, 47, 26, 18, 5, 11, 88, 99, 64, 10, 22, 75, 50, 40, 7, 46, 30, 67, 68, 66, 14, 16, 83, 4"

# Richard B. ( 2291.16 )
"46,4,8,59,14,17,92,38,19,63,84,75,78,64,88,2,3,44,9,70,34,71,69,91,26,23,90,80,86,37,49,13,51,96,67,42,94,25,20,33,6,52,24,97,81,65,68,39,66,50,22,30,73,55,0,62,53,77,72,83,11,56,5,87,21,43,60,40,41,99,29,10,93,76,79,32,54,36,82,12,28,61,7,89,35,74,47,18,85,98,95,1,45,57,31,16,15,27,48,58"

# Jonathon Herbert ( 2254.16 )
"7,2,9,3,0,4,8,5,6,1,19,17,14,16,15,10,13,12,11,18,24,21,29,25,20,22,26,23,28,27,38,31,34,35,37,30,33,36,39,32,47,42,46,44,49,40,41,43,45,48,59,58,53,55,57,51,52,50,56,54,65,68,62,67,66,60,69,61,64,63,78,71,70,74,76,75,73,79,77,72,83,84,81,85,80,88,82,86,89,87,93,94,96,95,90,91,92,99,98,97"

# Francis ( 2157.34 )
"41,52,34,47,51,18,89,14,33,30,79,61,50,29,72,22,12,69,67,96,4,43,71,42,0,73,85,94,60,56,75,27,68,98,45,1,25,8,49,7,74,65,77,24,28,66,38,64,70,90,62,20,99,21,54,37,44,9,53,31,39,88,32,46,35,5,10,23,87,78,2,80,95,58,57,93,84,15,86,26,91,11,6,82,59,97,81,92,76,16,83,63,55,36,48,40,3,13,17,19"

# Sam D. ( 2124.67 )
"50, 94, 59, 24, 21, 97, 12, 32, 77, 57, 49, 46, 63, 66, 28, 79, 78, 89, 72, 11, 6, 43, 68, 76, 71, 60, 48, 36, 90, 7, 5, 61, 31, 40, 70, 26, 45, 3, 20, 62, 84, 35, 96, 98, 34, 44, 22, 99, 18, 75, 33, 25, 52, 41, 16, 14, 87, 91, 86, 19, 30, 51, 80, 83, 55, 27, 69, 93, 85, 67, 23, 95, 58, 64, 39, 29, 2, 92, 4, 8, 54, 17, 15, 74, 38, 10, 9, 82, 81, 88, 47, 1, 42, 0, 73, 13, 56, 65, 53, 37"




